BCGSTAB = 17.45643925666809s
FGMRES = 18.180831909179688s
CONJUGATE_GRADIENT = 287.10947251319885s
SMOOTHER = 17.94507646560669s
