JST = 239.68551969528198s
LAX-FRIEDRICH = 181.8824441432953s
ROE = 153.43882179260254s
AUSM = 158.04325461387634s
