JST = 5.0269434452056885s
LAX-FRIEDRICH = 6.398440361022949s
ROE = 7.026471138000488s
AUSM = 7.3857457637786865s
