JST = 17.259889602661133s
LAX-FRIEDRICH = 14.174177885055542s
