JST = 211.02759265899658s
LAX-FRIEDRICH = 175.67719435691833s
ROE = 150.86232662200928s
AUSM = 152.82211828231812s
