JST = 257.46989393234253s
LAX-FRIEDRICH = 176.4824607372284s
ROE = 265.0082154273987s
AUSM = 234.11448860168457s
